steering angle	CTE
-1.29476	0.76
-0.0874878	0.76
-0.0846286	0.7586
-0.0854875	0.7576
-0.0848611	0.7564
-0.0850609	0.7552
-0.0825459	0.753
-0.0815557	0.7501
-0.0824082	0.7478
-0.0795756	0.7438
-0.0798869	0.7407
-0.0743959	0.7354
-0.0768738	0.7314
-0.0705275	0.7247
-0.0679668	0.7171
-0.0715311	0.7115
-0.0653668	0.7023
-0.0627281	0.6919
-0.0650735	0.6844
-0.0541122	0.6721
-0.0595803	0.6633
-0.0516703	0.6491
-0.045703	0.6337
-0.052169	0.6231
-0.055808	0.6144
-0.0707905	0.614
-0.047834	0.6018
-0.0624673	0.5977
-0.0686346	0.5971
-0.0682651	0.5964
-0.0647447	0.5941
-0.0644313	0.5916
-0.0584665	0.5864
-0.0541651	0.5794
-0.0561291	0.5737
-0.0480063	0.5639
-0.0512234	0.5563
-0.037716	0.5435
-0.0331	0.5289
-0.0388769	0.5182
-0.0252802	0.5012
-0.0345091	0.4891
-0.0190609	0.4699
-0.0134524	0.4493
-0.0234104	0.435
-0.00603349	0.4132
-0.0189485	0.3981
-0.000560969	0.3754
0.00359702	0.3522
-0.00878307	0.3367
0.00657906	0.314
-0.00846694	0.2991
0.00995273	0.2774
0.0101271	0.2563
0.00908876	0.2364
-0.00308829	0.224
0.00891887	0.207
-0.00709204	0.1965
0.00518814	0.1823
0.00394067	0.1696
0.00142328	0.1587
-0.00806447	0.1526
-0.0043535	0.1453
-0.029052	0.1504
-0.065588	0.1756
-0.0721067	0.2028
-0.106858	0.2446
-0.111052	0.2837
-0.103536	0.3174
-0.0892139	0.3437
-0.0653541	0.3566
-0.0658201	0.3689
-0.0535261	0.3734
-0.0425729	0.3722
-0.0296457	0.3642
-0.0131515	0.3494
-0.015237	0.3362
0.00470406	0.3128
0.0172204	0.2857
0.00556919	0.2662
0.0294331	0.2365
0.0108546	0.2169
0.0205094	0.1892
0.0270813	0.1638
0.0251724	0.1414
0.00589581	0.1286
0.0146268	0.1131
-0.00716506	0.1084
-0.0472876	0.1257
-0.0917495	0.1705
-0.086022	0.2034
-0.123429	0.2502
-0.0916176	0.2791
-0.105024	0.316
-0.0966203	0.3448
-0.06881	0.359
-0.0703116	0.3721
-0.0528526	0.376
-0.0406206	0.3736
-0.0273241	0.3632
-0.00867138	0.3455
-0.000963453	0.3217
-0.0063257	0.3034
0.0241429	0.2734
0.0220946	0.2411
0.0264416	0.2086
0.026513	0.1776
0.016897	0.1582
0.00024362	0.1479
-0.0625965	0.1692
-0.0680159	0.1919
-0.0944815	0.2255
-0.0671035	0.2465
-0.0845262	0.2741
-0.0789986	0.2964
-0.0692844	0.3125
-0.0517702	0.3192
-0.0476387	0.3234
-0.0358869	0.3211
-0.0291651	0.316
-0.013959	0.3039
-0.00332664	0.287
-0.0112744	0.2737
0.00543281	0.2518
0.016406	0.2281
-0.000326566	0.2118
0.0141753	0.1879
0.0145749	0.165
0.00735589	0.1505
0.0105572	0.135
-0.0262666	0.1393
-0.0690504	0.166
-0.0949722	0.2036
-0.0703519	0.2281
-0.130697	0.2888
-0.063577	0.3044
-0.0682372	0.3199
-0.0499301	0.3254
-0.0432217	0.3271
-0.0310581	0.3215
-0.0252468	0.3142
-0.00705108	0.2985
-0.010109	0.2853
0.00698623	0.2627
0.0117953	0.2376
0.0208721	0.2112
0.00700093	0.1937
0.018976	0.1685
0.0103596	0.1527
0.0201321	0.131
0.0180879	0.1121
0.00495312	0.1014
0.00732592	0.0892
-0.0347257	0.0999
-0.0992531	0.142
-0.181678	0.2225
-0.136653	0.2753
-0.15319	0.3456
-0.120624	0.3859
-0.132569	0.4352
-0.125319	0.471
-0.0868628	0.4868
-0.0813914	0.4978
-0.0594172	0.4972
-0.0392998	0.4852
-0.0119217	0.4613
-0.0149158	0.4396
0.0141696	0.4008
0.00867274	0.3714
0.0479734	0.3242
0.059681	0.2746
0.0279672	0.2417
0.0508495	0.1951
0.0437305	0.1599
-0.000695168	0.1494
-0.0236528	0.1512
-0.0289295	0.1553
-0.0379768	0.1637
-0.035453	0.1703
-0.0435774	0.1808
-0.0434724	0.1914
-0.045065	0.2012
-0.0382964	0.207
-0.0395686	0.214
-0.037275	0.2189
-0.0323575	0.2209
-0.0307215	0.2218
-0.0277895	0.2211
-0.0228622	0.218
-0.0179972	0.2127
-0.0193907	0.2082
-0.0298221	0.2094
-0.0965626	0.249
-0.114013	0.2939
-0.179829	0.364
-0.129587	0.4062
-0.155127	0.4578
-0.132423	0.4949
-0.0940558	0.5109
-0.0834866	0.5213
-0.0546904	0.5168
-0.041592	0.506
-0.0170729	0.4797
0.0151833	0.443
0.00481105	0.4139
0.0427127	0.3661
0.0388713	0.3148
0.0276081	0.28
0.066002	0.2289
0.0700328	0.1797
0.0253807	0.1494
0.0582665	0.1097
0.0505154	0.0763
0.0178255	0.058
0.0305739	0.0376
0.00887321	0.0282
0.00720669	0.0204
-0.00937047	0.0221
-0.148634	0.0989
-0.0569447	0.1208
-0.182134	0.2034
-0.269522	0.3255
-0.256943	0.4394
-0.168964	0.5053
-0.219462	0.5848
-0.176723	0.6425
-0.130717	0.668
-0.116613	0.6862
-0.082419	0.6858
-0.0469551	0.6678
-0.00731048	0.6309
-0.00970642	0.5976
0.044565	0.5379
0.0151901	0.4966
-0.00585645	0.4691
-0.0402676	0.4601
-0.0420233	0.4524
-0.0256783	0.437
-0.0314759	0.4241
-0.00916498	0.4016
-0.0168133	0.3846
0.00568059	0.3572
0.0108009	0.3279
-0.00891504	0.308
0.019367	0.2786
-0.00154408	0.2593
0.0205505	0.2318
0.0130468	0.2074
-0.113902	0.2502
-0.169216	0.3211
-0.175201	0.3952
-0.259186	0.4978
-0.178433	0.5588
-0.215967	0.6326
-0.183899	0.6851
-0.12682	0.7074
-0.112553	0.721
-0.0817255	0.7177
-0.0470839	0.696
-0.0362341	0.6713
0.00463683	0.6216
0.00434704	0.5812
0.0485993	0.5129
0.0160163	0.4635
0.077759	0.3871
0.105221	0.3089
0.0612327	0.2576
0.106712	0.1864
0.0571953	0.1429
0.0875806	0.0861
0.0476343	0.054
0.0489249	0.0154
0.0305668	-0.0041
0.0359449	-0.0243
-0.165803	0.0603
0.0559802	0.0253
-0.246072	0.144
-0.161609	0.2243
-0.230357	0.3361
-0.175743	0.403
-0.221961	0.4884
-0.147699	0.5346
-0.163627	0.5855
-0.115307	0.6072
-0.104219	0.6218
-0.0735372	0.62
-0.109369	0.6378
-0.193275	0.7073
-0.300234	0.8188
-0.218239	0.8811
-0.23171	0.9479
-0.165332	0.9746
-0.144087	0.988
-0.104468	0.9802
-0.0683393	0.9457
-0.0475573	0.9089
0.0219139	0.8364
-0.000418005	0.7781
0.0897413	0.6811
0.0364633	0.6113
0.0986049	0.5045
0.0618995	0.4378
-0.0331306	0.4249
-0.216141	0.5104
-0.181524	0.5718
-0.205051	0.6534
-0.165139	0.6988
-0.181685	0.751
-0.150021	0.7839
-0.116867	0.7945
-0.0955895	0.7932
-0.0754793	0.7815
-0.0552621	0.7588
-0.137499	0.7822
-0.22092	0.8565
-0.18692	0.8992
-0.180942	0.9433
-0.150096	0.9626
-0.116052	0.9616
-0.0828671	0.9404
-0.0655749	0.9139
-0.00568428	0.8582
-0.0187002	0.8115
0.0507503	0.7313
0.0201933	0.6721
0.0875372	0.5792
0.0386426	0.5155
0.0461929	0.4523
0.115174	0.3587
0.0479774	0.2981
-0.0693914	0.3124
-0.274573	0.4351
-0.434164	0.6332
-0.313323	0.7591
-0.419333	0.923
-0.293145	1.0139
-0.296734	1.1164
-0.2083	1.1621
-0.211274	1.1974
-0.149457	1.1996
-0.0914137	1.1725
-0.0691286	1.1356
-0.0539467	1.087
-0.0766768	1.0592
-0.136692	1.0625
-0.108169	1.0505
-0.0883287	1.0304
-0.0283215	0.9826
-0.0431936	0.9402
0.036311	0.8645
0.00434673	0.8071
0.0810823	0.715
0.0340705	0.655
-0.196881	0.7109
-0.284937	0.8042
-0.379015	0.935
-0.270673	1.01
-0.244861	1.0702
-0.264837	1.1338
-0.187348	1.1587
-0.159858	1.1677
-0.118193	1.1557
-0.0537366	1.1135
-0.0480968	1.0705
0.0340108	0.9883
0.00557186	0.9233
0.10424	0.8164
0.0517752	0.74
0.136984	0.6242
0.159318	0.5087
0.0168258	0.4628
-0.113439	0.4882
-0.306443	0.608
-0.238098	0.6881
-0.306411	0.7934
-0.216379	0.8514
-0.216507	0.9154
-0.171176	0.9428
-0.155596	0.9613
-0.116315	0.959
-0.0793417	0.9344
-0.0656001	0.905
0.00547631	0.8441
0.0510893	0.7655
0.012638	0.7057
0.0233241	0.6459
-0.0124658	0.6081
-0.0674619	0.6011
-0.0575457	0.5869
-0.0380079	0.5661
-0.0406127	0.5482
-0.0374142	0.5277
-0.00128756	0.4923
-0.0156458	0.4657
0.0154561	0.4234
-0.0545924	0.421
-0.139517	0.4682
-0.233562	0.5671
-0.186385	0.6286
-0.220096	0.7058
-0.164748	0.7464
-0.168767	0.7885
-0.131512	0.8043
-0.111336	0.8094
-0.0885176	0.8009
-0.0533765	0.7717
-0.0472786	0.7421
0.0171908	0.6849
0.0472516	0.6144
0.0136792	0.5622
0.0807951	0.4805
0.0282499	0.4243
0.0935814	0.3412
0.0583262	0.2871
0.11464	0.2107
0.0470091	0.1706
-0.0271849	0.1687
-0.0916033	0.2032
-0.144406	0.2593
-0.109199	0.2971
-0.139165	0.3487
-0.113648	0.3792
-0.125463	0.4171
-0.0965301	0.4365
-0.090071	0.4509
-0.0865238	0.4632
-0.0689847	0.4653
-0.0547311	0.4593
-0.0476734	0.4494
-0.0224543	0.4267
-0.0270883	0.4072
-0.0791118	0.4186
-0.11826	0.4477
-0.155204	0.4928
-0.117855	0.5169
-0.117959	0.5405
-0.0887556	0.5479
-0.0724866	0.5468
-0.0597346	0.5382
-0.0322714	0.5148
-0.0254975	0.4928
-0.0145465	0.4666
0.0197927	0.4205
0.0467379	0.368
0.00936377	0.3308
0.0211526	0.2935
0.064371	0.2369
0.0317937	0.1992
0.0627241	0.146
0.06422	0.0972
0.0315605	0.068
0.0536278	0.0306
0.0248097	0.0098
0.031432	-0.0144
-0.262277	0.1227
0.133781	0.0429
-0.0759366	0.0741
-0.102534	0.1139
-0.147245	0.1735
-0.0938538	0.2106
-0.135549	0.2583
-0.120131	0.2963
-0.0864103	0.3155
-0.073985	0.3291
-0.0720517	0.3401
-0.0539668	0.3415
-0.0379273	0.3349
-0.0305751	0.3252
-0.0112086	0.3038
-0.0104359	0.2856
0.0177145	0.2538
0.00692843	0.2303
0.0348876	0.1935
0.0156434	0.1683
0.0319576	0.1316
0.0205968	0.1081
0.0191353	0.0858
0.0367124	0.055
0.0344052	0.0278
0.0162784	0.0122
0.0242446	-0.0064
0.00694851	-0.0158
0.00485941	-0.0251
-0.00280507	-0.0284
-0.00734524	-0.0292
-0.0126294	-0.0273
-0.0212915	-0.0212
-0.0283216	-0.0117
-0.311371	0.1631
-1.00362	0.639
0.21442	0.4833
0.151801	0.3677
-0.0103851	0.3462
-0.176233	0.4059
-0.308059	0.5295
-0.231554	0.6133
-0.311805	0.7225
-0.221027	0.7832
-0.22371	0.8502
-0.162866	0.8785
-0.147528	0.8967
-0.109331	0.8933
-0.0645988	0.8667
-0.0569556	0.8357
-0.0316314	0.7959
0.0339251	0.7214
0.0203965	0.6632
0.0946194	0.5685
0.041971	0.5019
0.093824	0.4018
0.122199	0.3029
0.0784999	0.2392
0.137848	0.1511
0.0787773	0.0978
0.0989465	0.0291
0.0585848	-0.0091
0.0806388	-0.0544
0.0568983	-0.0858
0.0219824	-0.0988
0.0135787	-0.1068
-0.00366006	-0.1053
-0.0233925	-0.0942
-0.0426057	-0.074
-0.0359179	-0.0566
-0.0647814	-0.0268
-0.0503713	-0.005
-0.0693591	0.0284
-0.0780976	0.0617
-0.0566768	0.0831
-0.0817533	0.1122
-0.0593688	0.1296
-0.0666955	0.1512
-0.050867	0.1625
-0.0516205	0.1747
-0.0430732	0.1797
-0.0381843	0.1825
-0.0322229	0.1814
-0.0233623	0.1757
-0.0206016	0.1693
-0.0106819	0.1567
-0.0136071	0.1465
0.00211204	0.1294
-0.00318525	0.1169
0.0070313	0.0976
-0.000527465	0.0847
0.00636183	0.0658
0.0138039	0.0478
-0.00172635	0.0366
0.0113558	0.0218
-0.000462388	0.0133
0.0037445	0.0027
0.00170391	-0.0051
-0.00603967	-0.0087
-0.00681848	-0.0117
-0.010892	-0.0122
-0.0140749	-0.0109
-0.0183621	-0.0073
-0.0178402	-0.0039
-0.0250803	0.0024
-0.0226192	0.0074
-0.0272672	0.0153
-0.0240153	0.0208
-0.0314342	0.0292
-0.0253008	0.0347
-0.0301814	0.0425
-0.031712	0.0496
-0.027157	0.0538
-0.0289217	0.0592
-0.0269441	0.0632
-0.0241681	0.0651
-0.0237478	0.0669
-0.0215812	0.0673
-0.020284	0.0669
-0.0186147	0.0654
-0.017677	0.0638
-0.0158998	0.0607
-0.0159037	0.0583
-0.0122	0.0542
-0.0107778	0.0498
-0.0132805	0.0467
-0.00996534	0.0422
-0.0101003	0.0379
-0.0229867	0.0415
-0.11207	0.0969
-0.320306	0.2662
-0.504463	0.5269
-0.445571	0.7502
1.34803	-0.0674
0.0295497	-0.0867
0.0960572	-0.1455
0.176226	-0.2422
0.144362	-0.3097
0.147874	-0.3757
0.204668	-0.4694
0.147531	-0.5269
0.179966	-0.5998
0.130819	-0.6387
0.136716	-0.6797
0.0933325	-0.6951
0.0763769	-0.7009
0.052937	-0.6929
0.0226427	-0.6658
0.0207152	-0.638
-0.0452842	-0.5838
-0.0176663	-0.54
-0.0912671	-0.4668
-0.0634489	-0.4138
-0.0723741	-0.3594
-0.132195	-0.2756
-0.0869878	-0.2194
-0.129387	-0.1376
-0.133378	-0.064
-0.0826816	-0.0198
-0.114826	0.038
-0.108311	0.0859
-0.0698427	0.1118
-0.0803182	0.142
-0.0948889	0.184
-0.111952	0.2304
-0.205114	0.326
-0.15446	0.3829
-0.170412	0.4519
-0.149006	0.5006
-0.108286	0.5215
-0.0958936	0.5354
-0.0652836	0.53
-0.0492153	0.5164
-0.0203632	0.4832
-0.0217194	0.4534
0.0324632	0.3998
0.0178656	0.359
0.0635848	0.2939
0.0368509	0.2487
0.0840822	0.1816
0.0485171	0.1379
0.0358949	0.0965
-0.0486345	0.1096
-0.136313	0.1693
-0.149874	0.2323
-0.102721	0.272
-0.133328	0.3237
-0.104393	0.3531
-0.117542	0.3879
-0.098841	0.4114
-0.0752685	0.4203
-0.0670428	0.4233
-0.0540959	0.419
-0.0351554	0.4036
-0.0308225	0.3878
-0.00052004	0.3574
-0.0097113	0.3331
0.0251733	0.2926
0.0251021	0.2483
0.0117507	0.2191
-0.062437	0.2316
-0.136236	0.2946
-0.203216	0.3865
-0.162736	0.4436
-0.198222	0.5164
-0.138113	0.5556
-0.151889	0.5982
-0.127365	0.6219
-0.112675	0.6363
-0.39163	0.8018
-0.370146	0.9434
-0.479068	1.1263
-0.335269	1.2248
-0.357303	1.3293
-0.238858	1.3708
-0.205233	1.391
-0.1223	1.3641
-0.090267	1.3223
-0.00922363	1.2294
0.0497134	1.1052
-0.00226123	1.0322
-0.248067	1.0937
-0.27116	1.1641
-0.310523	1.2476
-0.244869	1.2986
-0.190274	1.3121
-0.146202	1.3025
-0.111037	1.2774
-0.207316	1.3035
-0.669303	1.5694
-0.55901	1.7579
-0.693609	1.998
-0.485119	2.1234
-0.526116	2.2507
-0.358266	2.2952
-0.290048	2.3002
-0.217972	2.2643
-0.0740024	2.1586
-0.0963398	2.0567
0.0704588	1.8947
-0.17007	1.8593
-0.264689	1.8763
-0.237483	1.8788
-0.202072	1.8625
-0.113031	1.8046
-0.0280748	1.7095
-0.0653518	1.6283
0.0840042	1.4874
0.031065	1.3819
-0.0461147	1.3081
-0.270968	1.3591
-0.231273	1.3918
-0.224228	1.4212
-0.189196	1.4257
-0.151567	1.4094
-0.105352	1.366
-0.0913538	1.3229
-0.0747549	1.2699
0.0347014	1.1735
0.0800556	1.0589
0.0306669	0.9819
-0.165496	0.9968
-0.27663	1.0661
-0.365674	1.1589
-0.302743	1.2281
-0.238331	1.2631
-0.168772	1.2656
-0.10982	1.2409
-0.0945288	1.2069
-0.0214799	1.1336
-0.0160991	1.0713
0.0589533	0.963
0.123727	0.8464
0.00984897	0.7828
0.0687569	0.696
0.0170976	0.638
0.072234	0.5522
0.0839459	0.4683
0.029841	0.4147
0.0873482	0.3406
0.0393724	0.2951
0.0583193	0.2349
0.0292729	0.2001
0.0521664	0.1559
0.0161569	0.1317
-0.220645	0.2272
-0.169592	0.2842
-0.195365	0.3623
-0.285652	0.4718
-0.19869	0.5379
-0.234041	0.6189
-0.2244	0.6776
-0.159175	0.7034
-0.134177	0.7199
-0.095227	0.7168
-0.0541674	0.693
-0.0394745	0.6654
0.0279132	0.6097
0.00843858	0.5643
0.0817666	0.4887
0.107892	0.4064
0.0401323	0.3504
0.110367	0.2696
0.0590565	0.2179
0.107288	0.1466
0.0618287	0.1037
0.0894349	0.0484
0.056709	0.0042
0.0288236	-0.0186
0.0332076	-0.0429
0.0079792	-0.053
0.00148578	-0.0598
-0.0140305	-0.0591
-0.0268336	-0.0515
-0.0325731	-0.0428
-0.052866	-0.0257
-0.0425572	-0.0122
-0.0629429	0.0092
-0.0515015	0.0238
-0.059726	0.045
0.184033	-0.0594
0.10684	-0.121
-0.0485468	-0.1004
-0.501129	0.14
-0.105193	0.1718
-0.103358	0.2024
-0.066342	0.2152
-0.0485269	0.2174
-0.0333509	0.212
-0.0259571	0.2033
-0.00103113	0.1837
-0.00554225	0.167
0.0186111	0.1381
0.0106828	0.117
0.0363238	0.084
0.0131658	0.0618
0.0355218	0.0297
0.018377	0.0094
0.030212	-0.0183
0.0184665	-0.0347
0.0226173	-0.0556
0.00688022	-0.067
0.014631	-0.0799
0.000322397	-0.0859
0.000793903	-0.0909
-0.00751472	-0.0917
-0.0139853	-0.0895
-0.0165446	-0.0859
-0.0265458	-0.078
0.00553397	-0.0856
0.0561357	-0.1158
0.30245	-0.2593
0.210688	-0.354
0.265605	-0.477
0.176435	-0.5443
0.208184	-0.6203
0.125567	-0.6545
0.111532	-0.6803
0.0609298	-0.6813
0.0204692	-0.661
0.124244	-0.6922
0.447056	-0.8697
0.29747	-0.977
0.36154	-1.1021
0.236267	-1.16
0.193912	-1.1965
0.179026	-1.2233
0.12037	-1.2227
0.0476735	-1.1889
0.0233911	-1.1461
-0.084548	-1.0574
-0.0579683	-0.9844
-0.0825748	-0.9041
-0.137632	-0.803
0.24954	-0.8822
0.399434	-1.0316
0.543548	-1.2373
0.495192	-1.4054
0.329579	-1.489
0.281051	-1.5466
0.277308	-1.5994
0.178062	-1.6047
-0.0191112	-1.5223
0.852231	-1.821
0.574971	-2.0006
0.687229	-2.2222
0.483907	-2.3307
0.470842	-2.4259
0.297564	-2.4445
0.187147	-2.4069
0.0312396	-2.2968
0.0447042	-2.1951
0.170697	-2.1631
0.339494	-2.2217
0.360161	-2.2939
0.287842	-2.3149
0.22317	-2.2996
0.109706	-2.2291
0.0873669	-2.1536
-0.0247446	-2.0047
-0.00667183	-1.8847
-0.180152	-1.6829
-0.103793	-1.5364
-0.195341	-1.3347
0.0013055	-1.2613
-0.0340828	-1.1788
-0.0255524	-1.0946
-0.0302627	-1.0072
-0.00420687	-0.9481
-0.0777787	-0.8591
-0.0883418	-0.7693
-0.0450993	-0.7102
-0.0936642	-0.6283
0.0487697	-0.6241
0.156314	-0.6751
0.121792	-0.7102
0.139596	-0.7545
0.126267	-0.7865
0.0989899	-0.7999
0.0894473	-0.8065
0.0705448	-0.802
0.0381621	-0.7821
0.0469693	-0.7655
0.0745838	-0.7662
0.0808019	-0.7704
0.0644755	-0.7644
0.0497033	-0.7518
0.0173344	-0.7205
0.0154572	-0.6916
-0.025898	-0.6384
-0.0206879	-0.5968
-0.0821622	-0.528
-0.102476	-0.4528
-0.0542525	-0.4011
-0.102332	-0.325
-0.0645119	-0.2752
-0.122456	-0.204
-0.068132	-0.1592
-0.0932244	-0.0985
-0.106589	-0.0454
-0.0693571	-0.0144
-0.0890307	0.0239
-0.0461511	0.0391
-0.0412128	0.0519
-0.0263954	0.0552
-0.0186973	0.0541
-0.00549866	0.0466
-0.00394866	0.0387
0.00949122	0.0239
0.00101899	0.0125
0.0194559	-0.0056
0.0094572	-0.0181
0.0221748	-0.036
0.0116827	-0.0473
0.0159321	-0.0621
0.0158267	-0.0742
0.00638086	-0.0805
0.00762482	-0.087
0.000175093	-0.0893
0.0410427	-0.113
-0.14831	-0.0348
-0.105435	0.0135
-0.13697	0.0799
-0.10158	0.1202
-0.130609	0.1729
-0.0911169	0.2026
-0.0956145	0.2376
-0.0700719	0.2545
-0.071109	0.2706
-0.0535258	0.2753
-0.0435799	0.2738
-0.0351707	0.2676
-0.0165108	0.2512
-0.014353	0.2361
0.00927006	0.2088
-0.0022739	0.1879
0.029134	0.1544
0.0370211	0.1191
0.018083	0.0955
0.0379228	0.0619
0.0375199	0.0309
0.0175668	0.0122
0.0258676	-0.0118
0.0130354	-0.0251
0.0189418	-0.0408
0.00955519	-0.0514
-0.000929268	-0.0556
-0.00442072	-0.0575
-0.243299	0.0854
-0.0150558	0.0807
-0.141834	0.145
-0.334784	0.305
-0.24273	0.4078
-0.2202	0.5005
-0.294965	0.6192
-0.185378	0.6847
-0.222198	0.7572
-0.158826	0.789
-0.145427	0.8118
-0.106945	0.811
-0.0844996	0.7984
-0.0331159	0.7595
-0.0494822	0.7298
-0.204861	0.7892
-0.268118	0.8763
-0.327631	0.9904
-0.237147	1.0502
-0.228797	1.1091
-0.182558	1.1322
-0.139056	1.1285
-0.0832615	1.096
-0.0690254	1.0579
-0.0551556	1.0085
0.0407381	0.9163
0.0161279	0.844
0.109076	0.726
0.142607	0.5995
0.0681904	0.5138
0.155761	0.3898
0.0950257	0.3103
0.0379017	0.2638
-0.303012	0.3963
-0.75599	0.7949
-0.642147	1.0819
-0.874058	1.4901
-0.664497	1.7402
-0.871897	2.0726
-0.622841	2.2604
-0.709253	2.4812
-0.497081	2.5846
-0.454621	2.666
-0.336223	2.6724
-0.218657	2.6151
-0.165187	2.5353
-0.00724612	2.3637
-0.00536464	2.2188
0.0516299	2.0654
0.29046	1.8064
0.164944	1.6188
0.399718	1.3336
0.227807	1.144
0.396852	0.8742
0.221566	0.7058
0.0927255	0.6153
-0.324655	0.729
-0.786842	1.0878
-0.707249	1.3509
-0.892392	1.7322
-0.712528	1.9715
-1.00445	2.3025
-0.723622	2.4966
-0.800459	2.7375
-0.606238	2.8595
-0.59981	2.9804
-0.448103	3.0197
-0.355756	3.0147
-0.27088	2.9701
-0.102261	2.8472
-0.107667	2.7303
0.087813	2.5142
-0.029371	2.3458
0.287901	2.07
0.106026	1.873
0.37795	1.5757
0.217969	1.3788
0.395018	1.0984
0.182063	0.9316
0.148434	0.7993
-0.137326	0.8113
-0.222245	0.8622
-0.207071	0.9037
-0.25046	0.9635
-0.208675	0.999
-0.222708	1.0405
-0.180418	1.0588
-0.164396	1.07
-0.136984	1.0662
-0.0966	1.0438
-0.091688	1.0178
-0.0243491	0.9641
-0.123289	0.9596
-0.220698	1.0066
-0.446401	1.1502
-0.317402	1.2369
-0.365119	1.334
-0.280129	1.3895
-0.206141	1.4025
-0.14999	1.3865
-0.112979	1.3541
-0.0225741	1.2768
-0.0371618	1.2082
0.067509	1.0867
0.153855	0.9466
0.0869515	0.8467
0.159081	0.6967
0.168386	0.5487
0.0811246	0.4537
0.18463	0.3219
0.116501	0.2407
0.178336	0.1334
0.0898575	0.0723
-0.0547717	0.0838
-0.225178	0.1777
-0.457055	0.3858
-0.439289	0.5925
-0.365148	0.7193
-0.34901	0.8319
-0.415945	0.9722
-0.318329	1.0755
-0.238592	1.12
-0.206092	1.15
-0.148792	1.1469
-0.0818703	1.1103
-0.00894374	1.0391
-0.0168223	0.9754
0.0770119	0.8628
0.134299	0.7331
0.0535691	0.641
0.177182	0.5026
0.196381	0.3645
0.0987498	0.276
0.189506	0.1556
0.176535	0.0489
0.0710715	-0.0069
-0.125244	0.0472
-0.218604	0.1525
-0.378234	0.3276
-0.390951	0.4965
-0.263346	0.5984
-0.352609	0.7257
-0.305421	0.8234
-0.210708	0.8697
-0.20124	0.9079
-0.133843	0.9113
-0.0996556	0.8951
-0.0274445	0.8462
0.030068	0.7713
0.0684894	0.6763
0.0290547	0.6054
0.119309	0.4934
0.146214	0.3762
0.0846086	0.2983
0.165037	0.1879
0.139683	0.0871
0.0286466	0.0515
-0.114956	0.094
-0.204433	0.1783
-0.20034	0.2654
-0.152707	0.3196
-0.201074	0.3904
-0.182623	0.4481
-0.152131	0.4893
-0.10984	0.5061
-0.101092	0.5158
-0.0673928	0.5081
-0.0593697	0.4967
-0.17767	0.5475
-0.227541	0.6268
-0.21648	0.6885
-0.152785	0.7165
-0.145062	0.7366
-0.100019	0.7322
-0.0516301	0.7048
-0.0463829	0.6748
0.017753	0.6156
0.0408764	0.5497
-0.0610733	0.5341
-0.0528721	0.5182
-0.0357789	0.4949
-0.011701	0.4631
-0.0246709	0.4378
0.0100099	0.3955
0.0226833	0.3488
0.00279664	0.316
0.0333581	0.2709
-0.0965996	0.2925
-0.161012	0.3423
-0.15803	0.3893
-0.122445	0.4155
-0.132066	0.4438
-0.104564	0.4591
-0.0799882	0.4605
-0.0643169	0.4537
-0.0348454	0.4332
-0.0181717	0.4012
0.0143275	0.3598
-0.00833901	0.3281
0.0373607	0.277
0.0579158	0.2223
0.0262377	0.1857
-0.0108523	0.1682
-0.0980746	0.196
-0.100188	0.2254
-0.0852672	0.2434
-0.0914793	0.2653
-0.0863821	0.2804
-0.0729687	0.2879
-0.055889	0.2869
-0.0468612	0.2816
-0.0778389	0.2922
-0.162316	0.3424
-0.144795	0.3796
-0.158345	0.4238
-0.133448	0.4524
-0.0974101	0.4636
-0.0738409	0.4612
-0.0434048	0.4445
-0.0111588	0.4135
0.0165917	0.3706
0.00141379	0.3369
0.0545954	0.2818
0.0527921	0.2224
0.0727249	0.1625
0.0381663	0.1237
0.0768212	0.0696
0.0540331	0.0247
0.0689379	-0.0291
-0.149389	0.0322
-0.106638	0.0694
-0.0963029	0.1061
-0.0823161	0.1276
-0.0898112	0.1553
-0.08828	0.1772
-0.0745616	0.1921
-0.0589036	0.1976
-0.0517102	0.1994
-0.111413	0.2305
-0.111263	0.26
-0.13839	0.3053
-0.131704	0.3389
-0.102368	0.3587
-0.0757181	0.3633
-0.0562972	0.3583
-0.0301244	0.3404
-0.0263431	0.3219
0.00527681	0.2866
0.0191131	0.2435
0.00629546	0.2117
0.0481085	0.1616
0.0588039	0.1097
0.0697434	0.0586
0.063698	0.0114
0.0585431	-0.0296
0.0224246	-0.0527
0.0316396	-0.0806
0.0182255	-0.1009
0.00986686	-0.114
-0.00216826	-0.1189
-0.0585729	-0.0953
-0.151615	-0.0289
-0.163725	0.0408
-0.120696	0.0849
-0.150536	0.143
-0.136836	0.191
-0.118961	0.2266
-0.0802407	0.2426
-0.0778368	0.255
-0.0540325	0.2546
-0.0335612	0.2423
-0.0479239	0.2391
-0.0621488	0.2441
-0.0810401	0.2579
-0.0657341	0.263
-0.0519377	0.261
-0.0345074	0.2503
-0.0159572	0.231
0.00235988	0.2045
0.014469	0.1726
0.0236241	0.1373
0.00789118	0.1129
0.0285061	0.0763
0.0389841	0.0404
0.00964445	0.0175
0.0331476	-0.0138
0.0335752	-0.0417
0.0261514	-0.0652
0.00546639	-0.0779
-0.00886299	-0.0818
-0.0681077	-0.0557
-0.0624869	-0.0333
-0.0905219	0.0005
-0.0872833	0.0329
-0.0869409	0.0614
-0.0645745	0.0774
-0.0695778	0.0961
-0.0612612	0.1084
-0.0488624	0.1142
-0.0389543	0.1143
-0.029364	0.1093
-0.0167163	0.0987
-0.0166647	0.0889
0.00108376	0.0711
0.00292253	0.0503
-0.00578024	0.0376
-0.0717	0.0585
-0.152607	0.1275
-0.180291	0.1933
-0.13073	0.2322
-0.1435	0.2786
-0.118244	0.3104
-0.0933796	0.327
-0.0680818	0.3293
-0.045977	0.321
-0.0178125	0.2997
0.00261871	0.27
0.0850622	0.2036
0.0886462	0.1307
0.104315	0.0578
0.0671167	0.0117
0.0966684	-0.0512
0.0743094	-0.1061
0.07923	-0.1509
0.029907	-0.1745
0.0403759	-0.2
0.0193744	-0.2109
0.0146209	-0.2187
-0.0042459	-0.2169
-0.0268003	-0.2041
-0.0668188	-0.1697
-0.182462	-0.0851
-0.191405	0.001
-0.123286	0.0554
-0.164696	0.1268
-0.154554	0.1866
-0.103065	0.219
-0.123904	0.2547
-0.086344	0.2702
-0.0793226	0.281
-0.0507923	0.2775
-0.0379365	0.2677
-0.00626255	0.2436
0.0162031	0.2096
0.00567845	0.1827
0.0395354	0.139
0.0556607	0.0922
0.0612646	0.0449
0.0557859	0.0003
0.0521191	-0.0394
0.025837	-0.0625
0.0369553	-0.0911
-0.00527085	-0.0972
-0.0451895	-0.0824
-0.0973292	-0.0412
-0.10506	0.0036
-0.10001	0.0467
-0.0841129	0.0727
-0.102378	0.1066
-0.0774138	0.1256
-0.0843745	0.1472
-0.0760905	0.1648
-0.0422805	0.1633
-0.0244568	0.1526
-0.0209502	0.1409
0.00276852	0.1182
0.0128778	0.0905
-0.000280318	0.07
0.0303432	0.0381
0.0343219	0.0053
0.0136827	-0.0163
0.0373387	-0.0465
0.0358897	-0.074
0.0161248	-0.0903
0.0109854	-0.1047
-0.0546952	-0.0849
-0.0730345	-0.0582
-0.0960921	-0.0169
-0.105982	0.0228
-0.097607	0.0582
-0.0719878	0.078
-0.078135	0.1015
-0.0706788	0.1175
-0.0509556	0.1239
-0.0463298	0.127
-0.0326967	0.1229
-0.0184188	0.1121
-0.0177206	0.1017
0.00143841	0.0824
-0.00423771	0.0674
0.0116417	0.0431
0.0218456	0.0174
0.00553359	0
0.0148245	-0.025
0.0211776	-0.0476
-0.020278	-0.0477
-0.0558691	-0.0297
-0.0939428	0.0067
-0.088879	0.0424
-0.0724089	0.0642
-0.0822295	0.092
-0.080201	0.114
-0.0603514	0.125
-0.0596107	0.1354
-0.0472517	0.1383
-0.0392895	0.137
-0.0271801	0.1292
-0.0146154	0.1157
-0.0190876	0.1039
0.00256508	0.0832
0.00588906	0.0593
-0.00263163	0.0423
0.0129752	0.0163
0.0172672	-0.01
0.0095827	-0.0272
0.020378	-0.0513
0.0134501	-0.0688
-0.0383339	-0.0575
-0.0599632	-0.036
-0.0906049	-0.0006
-0.0950409	0.0337
-0.0706105	0.0544
-0.0846818	0.0806
-0.0722073	0.1007
-0.0630925	0.1139
-0.048213	0.1186
-0.0419131	0.1198
-0.0341104	0.1169
-0.0227225	0.1077
-0.0119667	0.0931
-0.0153724	0.081
0.00672045	0.06
0.0135667	0.0365
-0.00150731	0.02
0.0206461	-0.0046
0.0235493	-0.0288
0.00504259	-0.0442
0.0188128	-0.065
0.0187031	-0.0832
0.0125332	-0.0981
-0.00603586	-0.1024
-0.0714888	-0.0723
-0.155741	0.0031
-0.167685	0.0827
-0.120406	0.1322
-0.153068	0.1967
-0.140224	0.2495
-0.110014	0.2774
-0.117099	0.3067
-0.0843112	0.3182
-0.0713368	0.3232
-0.0478665	0.3143
-0.040378	0.3013
-0.00553304	0.2728
0.0201212	0.2347
0.00636588	0.2053
0.0377715	0.158
0.0175027	0.1249
0.0467687	0.0752
0.0627117	0.026
0.00530675	0.006
0.0364054	-0.0275
-0.0165479	-0.0308
-0.0243228	-0.0299
-0.0303166	-0.0261
-0.0335848	-0.0205
-0.0329762	-0.016
-0.0382248	-0.0091
-0.0383674	-0.0021
-0.0388809	0.0041
-0.0337683	0.0076
-0.0342665	0.0114
-0.0304384	0.013
-0.0297255	0.014
-0.0268934	0.0135
-0.023575	0.0114
-0.0232022	0.0089
-0.0177098	0.004
0.005258	-0.0122
0.106773	-0.0811
-0.296145	0.0828
-0.205144	0.1668
-0.133877	0.2187
-0.157318	0.2825
-0.15482	0.3317
-0.112894	0.3561
-0.111905	0.3783
-0.081981	0.3842
-0.0499741	0.3741
-0.0414877	0.3591
-0.0123944	0.3264
-0.00778741	0.2985
0.0341658	0.2498
0.014272	0.2138
0.0589999	0.1573
0.0719313	0.0992
0.0393287	0.0611
0.0689233	0.0077
0.0635496	-0.0409
0.0545367	-0.0828
0.0291903	-0.1061
0.0423857	-0.1339
0.0256691	-0.1536
0.00696783	-0.1621
0.00306343	-0.168
-0.694616	0.1861
0.363143	-0.0614
-0.171459	0.0147
-0.290358	0.1409
-0.21484	0.2295
-0.288916	0.3494
-0.261114	0.4516
-0.215675	0.5301
-0.161935	0.5669
-0.157212	0.5994
-0.109355	0.6064
-0.0801904	0.5974
-0.0307195	0.5654
0.00162277	0.5136
0.0420897	0.4463
-0.00284612	0.408
-0.0226519	0.3821
-0.0412911	0.3679
-0.0175095	0.3413
-0.00418333	0.3085
-0.0137192	0.2836
0.0198398	0.2434
0.0017065	0.215
0.0267438	0.1719
0.00596687	0.1432
0.0346122	0.1013
0.0361964	0.0613
0.0120325	0.0362
0.0361474	0.0024
0.0779288	-0.0504
-0.00560575	-0.0581
-0.378911	0.126
-0.178195	0.2061
-0.265125	0.3119
-0.219257	0.399
-0.155874	0.4455
-0.170301	0.4957
-0.119566	0.5169
-0.113313	0.5302
-0.0728687	0.5224
-0.0552035	0.5062
-0.00489676	0.4676
-0.0123955	0.4334
0.0447431	0.3732
0.0160681	0.3281
0.0689604	0.2568
0.0735962	0.1827
0.0477301	0.1335
0.0968833	0.063
0.0925232	-0.003
0.0498743	-0.0429
0.0779071	-0.0944
0.0415917	-0.1234
0.053346	-0.1579
0.0358542	-0.182
0.0133463	-0.1922
-0.0742514	-0.1544
-0.140239	-0.0748
-0.265197	0.0498
-0.280362	0.1713
-0.190597	0.2451
-0.211412	0.3378
-0.165805	0.3879
-0.183735	0.4447
-0.128418	0.4704
-0.118996	0.4897
-0.0848298	0.4903
-0.103406	0.5005
-0.180092	0.5527
-0.293723	0.6637
-0.256617	0.7533
-0.181911	0.7966
-0.182027	0.8344
-0.139309	0.8427
-0.106201	0.8312
-0.0796811	0.8084
-0.0616366	0.7748
0.00647946	0.7068
0.0561454	0.6201
0.0249223	0.5546
0.105374	0.4508
0.0556492	0.3788
0.094255	0.2816
-0.062124	0.2825
-0.240978	0.3744
-0.249709	0.4678
-0.188691	0.5237
-0.208002	0.5909
-0.149644	0.6243
-0.162476	0.6565
-0.12257	0.6662
-0.0987483	0.6631
-0.0825603	0.6497
-0.0669181	0.6282
-0.148543	0.6556
-0.232299	0.7264
-0.181265	0.7648
-0.187751	0.8015
-0.138941	0.8117
-0.110975	0.8058
-0.0881962	0.7884
-0.0399561	0.7443
-0.0431752	0.704
0.0274452	0.6306
0.00325746	0.5739
0.0771677	0.4821
0.0750113	0.3838
0.0511455	0.3172
0.0554155	0.2514
0.134871	0.1547
0.101978	0.0785
-0.0991536	0.1142
-0.269074	0.2413
-0.381711	0.4377
-0.312671	0.5622
-0.388694	0.7266
-0.371608	0.8602
-0.235088	0.9291
-0.272762	0.9972
-0.185033	1.021
-0.152621	1.0243
-0.0809184	0.9911
-0.0642499	0.9507
-0.0400274	0.9031
-0.145625	0.9099
-0.130699	0.9079
-0.108381	0.8946
-0.052519	0.8556
-0.0512433	0.8178
0.0117193	0.7469
0.000231456	0.6913
0.0802912	0.5996
0.0243141	0.5341
-0.0751612	0.5262
-0.351871	0.6526
-0.278211	0.7408
-0.264111	0.819
-0.308956	0.9138
-0.232799	0.9612
-0.232435	1.0044
-0.16715	1.0148
-0.122242	1.0032
-0.0927478	0.9784
-0.0167214	0.9188
-0.023026	0.8658
0.0582045	0.7716
0.00990561	0.7007
0.110555	0.5878
0.0612846	0.509
0.144425	0.3914
0.0678273	0.32
-0.0771547	0.3247
-0.223655	0.4015
-0.298483	0.5186
-0.225834	0.5912
-0.213023	0.6544
-0.259354	0.7314
-0.183848	0.7705
-0.184817	0.8068
-0.142665	0.8163
-0.112603	0.8094
-0.0866542	0.7911
-0.0368976	0.7453
-0.0468005	0.7036
0.0392946	0.628
0.0139625	0.5698
0.0207307	0.5062
-0.0797149	0.501
-0.0694759	0.4915
-0.0678888	0.4814
-0.0426422	0.4592
-0.0481739	0.4397
-0.011159	0.4048
-0.0329807	0.3778
2.41934e-05	0.3336
-0.0165766	0.3018
-0.0966923	0.3178
-0.167908	0.3741
-0.244128	0.4632
-0.175192	0.5162
-0.208132	0.5785
-0.147717	0.6084
-0.145276	0.6346
-0.11282	0.6398
-0.0875844	0.6303
-0.0515043	0.6009
-0.0435934	0.5713
-0.00906082	0.5145
-0.0118719	0.4694
0.0624228	0.3935
0.0195171	0.3385
0.100371	0.2539
0.0400119	0.1968
0.0861545	0.1144
0.0524152	0.062
0.0963189	-0.011
0.0706779	-0.0608
-0.0925856	-0.0266
-0.103235	0.0103
-0.141229	0.0671
-0.104404	0.1036
-0.135654	0.1528
-0.0992935	0.1814
-0.097099	0.2057
-0.113255	0.2346
-0.0874292	0.2485
-0.0849521	0.2601
-0.064899	0.2616
-0.0497494	0.2549
-0.0409701	0.2447
-0.0180163	0.222
-0.0258976	0.2065
-0.0832285	0.2197
-0.138286	0.2596
-0.126282	0.2914
-0.142682	0.3287
-0.116962	0.3522
-0.0867298	0.3594
-0.0699463	0.3577
-0.0561945	0.3488
-0.0237385	0.3251
-0.0243487	0.303
0.0144573	0.2626
0.00480762	0.2315
0.0449692	0.1812
0.0315226	0.1278
0.0178671	0.0919
0.0184886	0.0566
0.064954	0.0046
0.0334942	-0.0291
0.0544933	-0.0754
0.0545089	-0.116
0.0282665	-0.1395
0.041415	-0.1682
0.0166063	-0.1831
0.0403366	-0.2088
-0.11767	-0.1463
-0.157076	-0.073
-0.128587	-0.0221
-0.161933	0.0486
-0.116396	0.0912
-0.147687	0.1456
-0.108981	0.1755
-0.120078	0.209
-0.0965677	0.229
-0.0705383	0.2346
-0.0541986	0.2318
-0.0406348	0.2229
-0.00971168	0.2006
-0.0144985	0.1804
-0.00270695	0.157
0.025656	0.1169
0.0127243	0.0875
0.0510595	0.0419
0.0597755	-0.0044
0.0290891	-0.0345
0.0526397	-0.076
0.026451	-0.1011
0.0378897	-0.1341
0.0142162	-0.1527
0.0278169	-0.1754
0.0217795	-0.1921
0.00486854	-0.1998
0.00315826	-0.206
-0.00670361	-0.2069
-0.0139223	-0.2039
-0.0182293	-0.1992
-0.0288591	-0.1891
-0.0258381	-0.1807
0.318291	-0.3473
-2.09002	0.6717
0.49228	0.381
0.115834	0.2797
-0.183002	0.3393
-0.315046	0.4603
-0.507047	0.6618
-0.379909	0.7922
-0.474756	0.9661
-0.336549	1.0637
-0.376466	1.1746
-0.268675	1.2242
-0.247546	1.2596
-0.174156	1.2579
-0.103238	1.2202
-0.09096	1.1734
0.0213395	1.0767
0.0111345	0.9964
0.0977034	0.86
0.0737793	0.7607
0.0868494	0.658
0.215808	0.5009
0.129463	0.3956
0.199469	0.2467
0.105565	0.1543
0.182792	0.0299
0.09532	-0.0438
0.147533	-0.1373
0.118885	-0.2112
0.0618879	-0.2491
0.0702173	-0.2879
0.039077	-0.3074
0.00819289	-0.3104
-0.0144673	-0.3013
-0.0239675	-0.2875
-0.0524532	-0.2577
-0.0769353	-0.2192
-0.0661238	-0.1903
-0.102706	-0.1452
-0.0773731	-0.1148
-0.0984059	-0.0714
-0.0770526	-0.0445
-0.0983495	-0.0087
-0.0883013	0.0209
-0.0667762	0.0367
-0.0680478	0.0533
-0.0515338	0.06
-0.0458994	0.0635
-0.0365284	0.0616
-0.00770168	0.0442
-0.00153337	0.026
0.000339642	0.0038
-0.0029535	-0.0125
0.0192409	-0.0382
0.00662919	-0.0559
0.0231409	-0.0821
0.00900662	-0.0988
0.016898	-0.1221
0.00486377	-0.1363
0.019196	-0.155
0.0145381	-0.1706
0.0032596	-0.179
0.00624181	-0.1883
-0.00339257	-0.1924
-0.00510217	-0.1953
-0.0104524	-0.1953
-0.0156515	-0.1927
-0.0173078	-0.1894
-0.0247916	-0.1825
-0.0286605	-0.1738
-0.0257787	-0.1672
-0.0308658	-0.1569
-0.0273139	-0.1498
-0.0328093	-0.1393
-0.0294262	-0.1325
-0.0356094	-0.123
-0.0353946	-0.1144
-0.0333778	-0.1073
-0.0275374	-0.1035
-0.028575	-0.0993
-0.0260922	-0.0969
-0.0226548	-0.0963
-0.0210686	-0.0967
-0.0184553	-0.0986
-0.0155799	-0.1018
-0.015832	-0.1046
-0.0128159	-0.1094
-0.0106845	-0.1148
-0.0123972	-0.1185
-0.00768783	-0.1243
-0.0113572	-0.128
-0.0081542	-0.1334
-0.00825356	-0.1382
-0.011828	-0.141
-0.00145577	-0.1493
0.0518646	-0.1846
0.275872	-0.3336
0.428622	-0.5921
0.203683	-0.6831
-1.02367	-0.0608
-0.209133	0.0506
-0.179647	0.1295
-0.259133	0.2442
-0.238726	0.3524
-0.173298	0.4179
-0.206298	0.5017
-0.174605	0.5481
-0.16561	0.586
-0.1734	0.626
-0.135251	0.6447
-0.106848	0.6446
-0.0741813	0.6266
-0.0426663	0.589
-0.035207	0.5543
0.00710994	0.4904
0.00278445	0.4407
0.051077	0.3591
0.0931224	0.2709
0.0354496	0.2103
0.119465	0.1184
0.0720809	0.056
0.120542	-0.0302
0.0612376	-0.0812
0.0928441	-0.147
0.0607839	-0.2015
0.0456683	-0.231
0.0556134	-0.2649
0.0366639	-0.2858
0.0215084	-0.2982
-0.128586	-0.2257
-0.123896	-0.157
-0.20262	-0.0533
-0.13512	0.014
-0.185857	0.106
-0.147607	0.1611
-0.183118	0.2316
-0.131807	0.27
-0.139295	0.3125
-0.114471	0.3371
-0.0832525	0.3436
-0.0643263	0.3388
-0.0355694	0.3183
-0.0305348	0.2967
0.0015331	0.2549
0.0242978	0.2032
0.0145958	0.1647
0.0216586	0.1249
-0.0910066	0.1493
-0.103588	0.1809
-0.117773	0.2232
-0.101753	0.2467
-0.110462	0.2731
-0.0928468	0.2884
-0.0733555	0.2921
-0.0594907	0.2879
-0.0513888	0.279
-0.0293761	0.2576
-0.0088968	0.2271
0.0084606	0.1892
-0.00367371	0.1609
0.0311032	0.1157
0.00801853	0.0842
0.036667	0.0368
0.038399	-0.0101
0.0502081	-0.0628
-0.111023	-0.0124
-0.220994	0.0878
-0.202278	0.1865
-0.143353	0.2459
-0.193597	0.3213
-0.179421	0.381
-0.134963	0.4108
-0.120805	0.4387
-0.159532	0.4863
-0.43262	0.6981
-0.497782	0.909
-0.346041	1.0307
-0.410045	1.1714
-0.345365	1.2634
-0.241033	1.2966
-0.196088	1.3033
-0.140213	1.2811
-0.0633856	1.2125
0.0393349	1.1062
-0.0133353	1.0193
-0.129696	1.0071
-0.279148	1.0802
-0.344897	1.1719
-0.250395	1.2166
-0.239594	1.2509
-0.181178	1.2523
-0.120071	1.2244
-0.110789	1.1868
-0.345195	1.2758
-0.551631	1.4593
-0.732018	1.7187
-0.634839	1.924
-0.432912	2.023
-0.44187	2.1083
-0.305422	2.1225
-0.228717	2.0933
-0.0846486	1.9968
0.0289978	1.8437
-0.0270451	1.7171
-0.0663497	1.6208
-0.274207	1.6466
-0.237829	1.6526
-0.204876	1.6425
-0.131746	1.5962
-0.129204	1.5457
-0.0171217	1.4451
0.0405153	1.3173
-0.00518761	1.2203
-0.0415943	1.1534
-0.229113	1.1914
-0.284027	1.2469
-0.242026	1.2821
-0.197938	1.2895
-0.157903	1.2756
-0.139294	1.2502
-0.0711324	1.1902
-0.0627229	1.1363
0.0347942	1.0384
0.0619755	0.9226
0.0651585	0.8255
-0.259384	0.8837
-0.289518	0.9506
-0.328244	1.0356
-0.257625	1.0773
-0.242608	1.112
-0.175513	1.1164
-0.121173	1.0959
-0.0496318	1.0448
-0.00140604	0.9671
-0.0351527	0.9033
0.0632368	0.7952
0.0849578	0.6875
0.0113734	0.6291
0.0611156	0.5421
0.0155739	0.4831
0.0856037	0.3952
0.0435444	0.3373
0.0939675	0.2548
0.0709286	0.1782
0.0388561	0.1316
0.0678863	0.0697
0.0603529	0.0167
0.0276695	-0.0131
-0.543488	0.2689
0.273621	0.0922
-0.119693	0.1258
-0.242548	0.2266
-0.214198	0.2974
-0.26274	0.3927
-0.197235	0.4468
-0.236092	0.5095
-0.157606	0.5384
-0.144188	0.5606
-0.105634	0.5618
-0.0630066	0.5448
-0.0534082	0.5218
0.00309437	0.473
0.0433212	0.4089
0.0241319	0.3598
0.0922724	0.2814
0.0548151	0.2271
0.117445	0.1468
0.0557018	0.0949
0.103854	0.0233
0.0600968	-0.0201
0.0876749	-0.0768
0.0778146	-0.123
0.0230544	-0.1475
0.0333861	-0.1738
0.00732321	-0.1852
0.00221389	-0.1938
-0.0147156	-0.1945
-0.0264865	-0.1889
-0.0390366	-0.177
-0.0422331	-0.1663
-0.0568719	-0.1478
-0.0502077	-0.1344
-0.0648084	-0.1142
-0.0653817	-0.0947
-0.0351666	-0.091
-0.0670634	-0.0732
-0.0753673	-0.0495
-0.0685989	-0.0313
-0.0505671	-0.0222
-0.0535874	-0.0134
-0.042717	-0.0106
-0.0363543	-0.011
-0.0307633	-0.0142
-0.0198302	-0.0229
-0.0196918	-0.0311
-0.00309016	-0.0462
0.00601159	-0.0641
-0.00255077	-0.0771
0.0138962	-0.0969
0.00203288	-0.1102
0.010724	-0.1292
0.000856778	-0.1412
0.00841258	-0.1576
0.000978971	-0.1674
0.00908548	-0.18
-0.00395364	-0.1871
0.00142752	-0.1952
-0.0077828	-0.199
-0.00787464	-0.2025
-0.0129827	-0.2034
-0.0164679	-0.2027
-0.0182722	-0.2012
-0.0203881	-0.1987
0.0680674	-0.2427
0.00891733	-0.2539
0.30597	-0.4027
0.217958	-0.4992
0.301229	-0.6252
0.167072	-0.6944
0.203852	-0.7709
0.122081	-0.8048
0.110032	-0.8301
0.0584961	-0.8307
0.0114127	-0.8099
0.125105	-0.8424
0.414748	-1.0182
0.288628	-1.1249
0.284628	-1.2139
0.318713	-1.3128
0.209011	-1.3554
0.189001	-1.3895
0.129236	-1.3927
0.0611523	-1.3642
0.0352999	-1.3247
-0.063386	-1.24
-0.0464159	-1.1689
-0.138665	-1.048
-0.0557958	-0.9823
0.183876	-1.0418
0.559641	-1.2634
0.408118	-1.4023
0.515033	-1.5784
0.446136	-1.7068
0.290715	-1.7652
0.233479	-1.7995
0.182327	-1.8049
0.386964	-1.9019
0.539305	-2.0628
0.578993	-2.2252
0.599754	-2.4106
0.421688	-2.4917
0.369106	-2.5438
0.23564	-2.5345
0.0909989	-2.4598
0.0630398	-2.3728
-0.0995351	-2.2207
0.125603	-2.1742
0.373208	-2.2535
0.338713	-2.3086
0.314429	-2.35
0.21004	-2.3379
0.164716	-2.3003
0.0468756	-2.2046
0.0619029	-2.1167
-0.097632	-1.9568
-0.048366	-1.8337
-0.202231	-1.6343
-0.186728	-1.4602
0.0254308	-1.4041
-0.00140165	-1.3372
0.0037402	-1.2675
0.0262979	-1.2178
-0.0500715	-1.1395
0.00772624	-1.0843
-0.0610444	-1
-0.0932768	-0.9133
-0.0268848	-0.8551
0.0284906	-0.8363
0.113655	-0.8661
0.147811	-0.9094
0.141678	-0.9454
0.106936	-0.9622
0.100661	-0.9742
0.0777237	-0.9735
0.053255	-0.9593
0.0465246	-0.9412
0.0220714	-0.9112
0.0559947	-0.9031
0.0716451	-0.9034
0.0596171	-0.8974
0.0356463	-0.8767
0.0272397	-0.8553
-0.0178913	-0.8128
-0.0330919	-0.759
-0.0230254	-0.7182
-0.0807308	-0.6519
-0.0486348	-0.6049
-0.102906	-0.5335
-0.0936211	-0.4618
-0.0600247	-0.4154
-0.106673	-0.3497
-0.0579124	-0.3085
-0.0926398	-0.2525
-0.098498	-0.2031
-0.0645902	-0.1743
-0.0703058	-0.14
-0.0428043	-0.1246
-0.0412339	-0.1122
-0.0264193	-0.1084
-0.0199655	-0.1083
-0.00962688	-0.1138
-0.0065248	-0.1201
0.00619561	-0.1324
0.0021666	-0.142
0.0128481	-0.1574
0.00467755	-0.1679
0.0126857	-0.1833
0.00521997	-0.1929
0.0127691	-0.206
0.0128981	-0.2171
0.00370706	-0.2231
0.00309098	-0.2295
1.10029e-05	-0.2328
-0.00444862	-0.2333
-0.105789	-0.1808
-0.085339	-0.137
-0.13833	-0.0728
-0.0953536	-0.0327
-0.124936	0.0201
-0.121929	0.0638
-0.0814227	0.0872
-0.0915121	0.1123
-0.0648551	0.1226
-0.0571054	0.1288
-0.043925	0.1271
-0.0273022	0.1165
-0.0255731	0.1046
-0.0179884	0.0896
-0.000235559	0.0618
0.0198967	0.0289
0.0106406	0.005
0.0420365	-0.0319
0.0181387	-0.0568
0.0421239	-0.0923
0.0229917	-0.1146
0.0213532	-0.1352
0.0384691	-0.1629
0.0164824	-0.179
0.0281641	-0.1987
0.0109582	-0.2088
0.0121204	-0.2191
9.20693e-05	-0.223
-0.00618539	-0.2231
0.0207385	-0.2371
-0.287366	-0.0904
-0.232911	0.0306
-0.334192	0.2011
-0.251807	0.3043
-0.313794	0.4364
-0.207563	0.5088
-0.243373	0.5899
-0.161599	0.6263
-0.145303	0.6486
-0.122047	0.6575
-0.0769724	0.639
-0.0605905	0.6124
-0.00762702	0.5558
-0.11161	0.5639
-0.293575	0.6721
-0.328378	0.7876
-0.232996	0.8501
-0.246925	0.9138
-0.178286	0.9371
-0.151293	0.9438
-0.115501	0.9302
-0.0519816	0.8858
-0.00314486	0.8149
0.052449	0.7226
0.00923041	0.6523
0.0942653	0.5395
0.0969491	0.4195
0.0812142	0.3382
0.158323	0.2187
0.0799493	0.1416
-0.0548017	0.1448
-0.360891	0.3181
-0.870967	0.7372
-0.661534	1.0184
-0.670223	1.2871
-0.89144	1.656
-0.627519	1.873
-0.659753	2.1451
-0.557651	2.2873
-0.592527	2.435
-0.42004	2.4885
-0.338813	2.4977
-0.245015	2.4587
-0.0785228	2.3409
-0.0652935	2.2266
0.139226	2.0201
0.240561	1.7815
0.197669	1.5176
0.262848	1.247
0.146408	1.0676
0.2053	0.8924
0.394251	0.6369
0.141069	0.5168
-0.248904	0.591
-0.772671	0.9276
-0.71951	1.1826
-0.707258	1.4327
-0.982101	1.7881
-0.692923	2.0052
-0.821969	2.292
-0.642962	2.4513
-0.711463	2.6315
-0.501003	2.7084
-0.429827	2.7512
-0.317391	2.7327
-0.172679	2.6409
-0.131115	2.54
0.0909805	2.3412
0.193843	2.0942
0.063709	1.9113
0.315947	1.626
0.186146	1.4299
0.414914	1.1404
0.314002	0.8609
0.228925	0.687
0.267098	0.507
-0.0265932	0.4704
-0.196009	0.5278
-0.256285	0.6067
-0.210747	0.6625
-0.28241	0.7401
-0.219749	0.7858
-0.243529	0.8393
-0.183169	0.864
-0.17489	0.8822
-0.137518	0.8815
-0.0969185	0.8619
-0.048997	0.8207
-0.0678771	0.7896
-0.264991	0.8553
-0.4305	1.0042
-0.344239	1.0956
-0.377869	1.1988
-0.303461	1.2586
-0.213501	1.2731
-0.151491	1.2574
-0.123123	1.2239
-0.0376102	1.1439
-0.0170288	1.0727
0.0556527	0.9458
0.0399102	0.8503
0.170328	0.6976
0.17987	0.537
0.114742	0.4303
0.224577	0.2778
0.134629	0.1815
0.190123	0.0518
0.150477	-0.0598
0.0833665	-0.1228
0.00811162	-0.1423
-0.295634	0.0116
-0.332474	0.1543
-0.500773	0.3637
-0.31068	0.4938
-0.400233	0.662
-0.303077	0.7556
-0.349697	0.864
-0.268639	0.9326
-0.187136	0.9548
-0.145468	0.9532
-0.106026	0.9309
-0.0331974	0.8698
0.0383627	0.7791
0.101719	0.6655
0.0559202	0.581
0.164264	0.4492
0.168383	0.3137
0.101615	0.2251
0.185876	0.1007
0.179421	-0.0133
0.0804363	-0.0812
0.0860599	-0.1421
-0.158713	-0.0676
-0.354522	0.1076
-0.272373	0.229
-0.367163	0.3985
-0.263894	0.5002
-0.314011	0.6292
-0.248627	0.6989
-0.28283	0.7763
-0.217008	0.8203
-0.152943	0.8299
-0.105918	0.8158
-0.0439932	0.7706
-0.0321441	0.7253
0.0541204	0.6398
0.0953615	0.5367
0.0388556	0.4617
0.128563	0.3465
0.121476	0.2292
0.15203	0.1155
0.0893847	0.0442
0.148539	-0.0627
-0.217262	0.0314
-0.207393	0.113
-0.158281	0.1689
-0.194081	0.2443
-0.143497	0.2884
-0.170371	0.343
-0.154673	0.383
-0.12442	0.4067
-0.0967041	0.4123
-0.0749217	0.4063
-0.059237	0.3902
-0.199924	0.4481
-0.193631	0.4998
-0.22054	0.5606
-0.181299	0.5982
-0.130968	0.609
-0.100462	0.604
-0.0750428	0.5876
-0.0199664	0.5458
0.0110842	0.4856
0.0443365	0.4132
-0.036832	0.3866
-0.0544028	0.3707
-0.0383205	0.3488
-0.0258263	0.3193
-0.0352124	0.2957
-0.000822835	0.2559
0.0159583	0.2109
0.0380382	0.1626
0.00682443	0.1297
-0.0605686	0.1328
-0.145049	0.1825
-0.128496	0.2155
-0.154027	0.2576
-0.135472